0	0.77
1	6.25E-09
2	2.43E-07
3	1.53E-06
4	4.90E-06
5	1.12E-05
6	2.09E-05
7	3.42E-05
8	5.11E-05
9	7.12E-05
10	9.44E-05
11	0.000120206
12	0.00014827
13	0.000178198
14	0.000209621
15	0.000242192
16	0.000275595
17	0.000309545
18	0.000343786
19	0.000378094
20	0.000412272
21	0.00044615
22	0.000479582
23	0.000512445
24	0.000544634
25	0.000576062
26	0.000606658
27	0.000636365
28	0.000665138
29	0.000692943
30	0.000719754
31	0.000745555
32	0.000770335
33	0.000794092
34	0.000816826
35	0.000838543
36	0.000859253
37	0.000878969
38	0.000897707
39	0.000915483
40	0.000932319
41	0.000948235
42	0.000963252
43	0.000977396
44	0.000990689
45	0.001003155
46	0.00101482
47	0.001025708
48	0.001035843
49	0.001045252
50	0.001053957
51	0.001061985
52	0.001069357
53	0.001076099
54	0.001082233
55	0.001087782
56	0.001092767
57	0.001097212
58	0.001101136
59	0.001104561
60	0.001107507
61	0.001109992
62	0.001112036
63	0.001113657
64	0.001114873
65	0.001115702
66	0.001116159
67	0.00111626
68	0.001116022
69	0.00111546
70	0.001114587
71	0.001113418
72	0.001111966
73	0.001110245
74	0.001108267
75	0.001106044
76	0.001103588
77	0.00110091
78	0.001098021
79	0.00109493
80	0.001091649
81	0.001088187
82	0.001084553
83	0.001080756
84	0.001076805
85	0.001072708
86	0.001068472
87	0.001064106
88	0.001059617
89	0.001055011
90	0.001050296
91	0.001045477
92	0.001040562
93	0.001035556
94	0.001030465
95	0.001025294
96	0.001020049
97	0.001014735
98	0.001009356
99	0.001003917
100	0.000998423
101	0.000992878
102	0.000987286
103	0.000981651
104	0.000975976
105	0.000970266
106	0.000964524
107	0.000958752
108	0.000952955
109	0.000947136
110	0.000941296
111	0.000935439
112	0.000929568
113	0.000923685
114	0.000917792
115	0.000911893
116	0.000905988
117	0.000900081
118	0.000894172
119	0.000888265
120	0.000882361
121	0.000876462
122	0.000870568
123	0.000864683
124	0.000858808
125	0.000852943
126	0.000847091
127	0.000841252
128	0.000835428
129	0.00082962
130	0.00082383
131	0.000818057
132	0.000812304
133	0.000806571
134	0.00080086
135	0.00079517
136	0.000789503
137	0.00078386
138	0.000778241
139	0.000772647
140	0.000767079
141	0.000761537
142	0.000756022
143	0.000750535
144	0.000745075
145	0.000739644
146	0.000734241
147	0.000728868
148	0.000723524
149	0.000718211
150	0.000712928
151	0.000707675
152	0.000702453
153	0.000697263
154	0.000692103
155	0.000686976
156	0.00068188
157	0.000676817
158	0.000671785
159	0.000666786
160	0.000661819
161	0.000656885
162	0.000651984
163	0.000647115
164	0.000642279
165	0.000637476
166	0.000632706
167	0.000627968
168	0.000623264
169	0.000618592
170	0.000613953
171	0.000609348
172	0.000604775
173	0.000600235
174	0.000595727
175	0.000591253
176	0.000586811
177	0.000582401
178	0.000578024
179	0.00057368
180	0.000569368
181	0.000565088
182	0.00056084
183	0.000556624
184	0.00055244
185	0.000548287
186	0.000544167
187	0.000540077
188	0.00053602
189	0.000531993
190	0.000527997
191	0.000524033
192	0.000520099
193	0.000516196
194	0.000512323
195	0.00050848
196	0.000504668
197	0.000500885
198	0.000497132
199	0.000493409
200	0.000489716
201	0.000486051
202	0.000482416
203	0.000478809
204	0.000475232
205	0.000471682
206	0.000468162
207	0.000464669
208	0.000461204
209	0.000457768
210	0.000454358
211	0.000450977
212	0.000447622
213	0.000444294
214	0.000440994
215	0.00043772
216	0.000434472
217	0.000431251
218	0.000428056
219	0.000424887
220	0.000421743
221	0.000418626
222	0.000415533
223	0.000412466
224	0.000409423
225	0.000406405
226	0.000403412
227	0.000400444
228	0.000397499
229	0.000394579
230	0.000391682
231	0.000388809
232	0.000385959
233	0.000383133
234	0.00038033
235	0.00037755
236	0.000374792
237	0.000372057
238	0.000369344
239	0.000366654
240	0.000363985
241	0.000361339
242	0.000358714
243	0.00035611
244	0.000353528
245	0.000350967
246	0.000348426
247	0.000345907
248	0.000343408
249	0.00034093
250	0.000338472
251	0.000336033
252	0.000333615
253	0.000331217
254	0.000328838
255	0.000326478
256	0.000324138
257	0.000321817
258	0.000319515
259	0.000317231
260	0.000314967
261	0.00031272
262	0.000310492
263	0.000308282
264	0.00030609
265	0.000303916
266	0.000301759
267	0.00029962
268	0.000297499
269	0.000295394
270	0.000293307
271	0.000291237
272	0.000289183
273	0.000287146
274	0.000285125
275	0.000283121
276	0.000281133
277	0.000279161
278	0.000277205
279	0.000275265
280	0.000273341
281	0.000271432
282	0.000269538
283	0.000267659
284	0.000265796
285	0.000263948
286	0.000262114
287	0.000260296
288	0.000258491
289	0.000256702
290	0.000254926
291	0.000253165
292	0.000251418
293	0.000249685
294	0.000247965
295	0.00024626
296	0.000244568
297	0.000242889
298	0.000241224
299	0.000239572
300	0.000237934
301	0.000236308
302	0.000234695
303	0.000233095
304	0.000231508
305	0.000229933
306	0.000228371
307	0.000226821
308	0.000225283
309	0.000223757
310	0.000222244
311	0.000220742
312	0.000219252
313	0.000217774
314	0.000216307
315	0.000214852
316	0.000213409
317	0.000211976
318	0.000210555
319	0.000209145
320	0.000207746
321	0.000206358
322	0.000204981
323	0.000203615
324	0.000202259
325	0.000200914
326	0.000199579
327	0.000198254
328	0.00019694
329	0.000195636
330	0.000194342
331	0.000193058
332	0.000191784
333	0.00019052
334	0.000189266
335	0.000188021
336	0.000186786
337	0.00018556
338	0.000184344
339	0.000183137
340	0.00018194
341	0.000180751
342	0.000179572
343	0.000178401
344	0.00017724
345	0.000176087
346	0.000174944
347	0.000173809
348	0.000172682
349	0.000171564
350	0.000170455
351	0.000169354
352	0.000168262
353	0.000167177
354	0.000166101
355	0.000165033
356	0.000163973
357	0.000162921
358	0.000161877
359	0.000160841
360	0.000159813
361	0.000158792
362	0.000157779
363	0.000156774
364	0.000155776
365	0.000154786
366	0.000153803
367	0.000152827
368	0.000151859
369	0.000150897
370	0.000149943
371	0.000148997
372	0.000148057
373	0.000147124
374	0.000146198
375	0.000145279
376	0.000144366
377	0.000143461
378	0.000142562
379	0.00014167
380	0.000140784
381	0.000139905
382	0.000139032
383	0.000138166
384	0.000137306
385	0.000136452
386	0.000135605
387	0.000134763
388	0.000133928
389	0.000133099
390	0.000132276
391	0.000131459
392	0.000130648
393	0.000129843
394	0.000129044
395	0.000128251
396	0.000127463
397	0.000126681
398	0.000125905
399	0.000125134
400	0.000124369
401	0.000123609
402	0.000122855
403	0.000122106
404	0.000121363
405	0.000120625
406	0.000119892
407	0.000119164
408	0.000118442
409	0.000117725
410	0.000117013
411	0.000116306
412	0.000115604
413	0.000114907
414	0.000114215
415	0.000113528
416	0.000112846
417	0.000112168
418	0.000111496
419	0.000110828
420	0.000110165
421	0.000109507
422	0.000108853
423	0.000108204
424	0.000107559
425	0.000106919
426	0.000106284
427	0.000105653
428	0.000105026
429	0.000104404
430	0.000103786
431	0.000103172
432	0.000102563
433	0.000101958
434	0.000101357
435	0.00010076
436	1.00E-04
437	9.96E-05
438	9.90E-05
439	9.84E-05
440	9.78E-05
441	9.73E-05
442	9.67E-05
443	9.61E-05
444	9.56E-05
445	9.50E-05
446	9.45E-05
447	9.39E-05
448	9.34E-05
449	9.28E-05
450	9.23E-05
451	9.18E-05
452	9.12E-05
453	9.07E-05
454	9.02E-05
455	8.97E-05
456	8.91E-05
457	8.86E-05
458	8.81E-05
459	8.76E-05
460	8.71E-05
461	8.66E-05
462	8.61E-05
463	8.56E-05
464	8.51E-05
465	8.46E-05
466	8.42E-05
467	8.37E-05
468	8.32E-05
469	8.27E-05
470	8.23E-05
471	8.18E-05
472	8.13E-05
473	8.09E-05
474	8.04E-05
475	8.00E-05
476	7.95E-05
477	7.91E-05
478	7.86E-05
479	7.82E-05
480	7.77E-05
481	7.73E-05
482	7.69E-05
483	7.64E-05
484	7.60E-05
485	7.56E-05
486	7.52E-05
487	7.47E-05
488	7.43E-05
489	7.39E-05
490	7.35E-05
491	7.31E-05
492	7.27E-05
493	7.23E-05
494	7.19E-05
495	7.15E-05
496	7.11E-05
497	7.07E-05
498	7.03E-05
499	6.99E-05
500	6.95E-05
501	6.92E-05
502	6.88E-05
503	6.84E-05
504	6.80E-05
505	6.77E-05
506	6.73E-05
507	6.69E-05
508	6.66E-05
509	6.62E-05
510	6.58E-05
511	6.55E-05
512	6.51E-05
513	6.48E-05
514	6.44E-05
515	6.41E-05
516	6.37E-05
517	6.34E-05
518	6.30E-05
519	6.27E-05
520	6.23E-05
521	6.20E-05
522	6.17E-05
523	6.13E-05
524	6.10E-05
525	6.07E-05
526	6.04E-05
527	6.00E-05
528	5.97E-05
529	5.94E-05
530	5.91E-05
531	5.88E-05
532	5.85E-05
533	5.81E-05
534	5.78E-05
535	5.75E-05
536	5.72E-05
537	5.69E-05
538	5.66E-05
539	5.63E-05
540	5.60E-05
541	5.57E-05
542	5.54E-05
543	5.51E-05
544	5.48E-05
545	5.46E-05
546	5.43E-05
547	5.40E-05
548	5.37E-05
549	5.34E-05
550	5.31E-05
551	5.29E-05
552	5.26E-05
553	5.23E-05
554	5.20E-05
555	5.18E-05
556	5.15E-05
557	5.12E-05
558	5.10E-05
559	5.07E-05
560	5.04E-05
561	5.02E-05
562	4.99E-05
563	4.97E-05
564	4.94E-05
565	4.91E-05
566	4.89E-05
567	4.86E-05
568	4.84E-05
569	4.81E-05
570	4.79E-05
571	4.76E-05
572	4.74E-05
573	4.72E-05
574	4.69E-05
575	4.67E-05
576	4.64E-05
577	4.62E-05
578	4.60E-05
579	4.57E-05
580	4.55E-05
581	4.53E-05
582	4.50E-05
583	4.48E-05
584	4.46E-05
585	4.43E-05
586	4.41E-05
587	4.39E-05
588	4.37E-05
589	4.35E-05
590	4.32E-05
591	4.30E-05
592	4.28E-05
593	4.26E-05
594	4.24E-05
595	4.22E-05
596	4.19E-05
597	4.17E-05
598	4.15E-05
599	4.13E-05
600	4.11E-05
601	4.09E-05
602	4.07E-05
603	4.05E-05
604	4.03E-05
605	4.01E-05
606	3.99E-05
607	3.97E-05
608	3.95E-05
609	3.93E-05
610	3.91E-05
611	3.89E-05
612	3.87E-05
613	3.85E-05
614	3.83E-05
615	3.82E-05
616	3.80E-05
617	3.78E-05
618	3.76E-05
619	3.74E-05
620	3.72E-05
621	3.70E-05
622	3.69E-05
623	3.67E-05
624	3.65E-05
625	3.63E-05
626	3.61E-05
627	3.60E-05
628	3.58E-05
629	3.56E-05
630	3.54E-05
631	3.53E-05
632	3.51E-05
633	3.49E-05
634	3.48E-05
635	3.46E-05
636	3.44E-05
637	3.43E-05
638	3.41E-05
639	3.39E-05
640	3.38E-05
641	3.36E-05
642	3.34E-05
643	3.33E-05
644	3.31E-05
645	3.30E-05
646	3.28E-05
647	3.26E-05
648	3.25E-05
649	3.23E-05
650	3.22E-05
651	3.20E-05
652	3.19E-05
653	3.17E-05
654	3.16E-05
655	3.14E-05
656	3.13E-05
657	3.11E-05
658	3.10E-05
659	3.08E-05
660	3.07E-05
661	3.05E-05
662	3.04E-05
663	3.02E-05
664	3.01E-05
665	3.00E-05
666	2.98E-05
667	2.97E-05
668	2.95E-05
669	2.94E-05
670	2.93E-05
671	2.91E-05
672	2.90E-05
673	2.88E-05
674	2.87E-05
675	2.86E-05
676	2.84E-05
677	2.83E-05
678	2.82E-05
679	2.80E-05
680	2.79E-05
681	2.78E-05
682	2.77E-05
683	2.75E-05
684	2.74E-05
685	2.73E-05
686	2.71E-05
687	2.70E-05
688	2.69E-05
689	2.68E-05
690	2.66E-05
691	2.65E-05
692	2.64E-05
693	2.63E-05
694	2.62E-05
695	2.60E-05
696	2.59E-05
697	2.58E-05
698	2.57E-05
699	2.56E-05
700	2.54E-05
701	2.53E-05
702	2.52E-05
703	2.51E-05
704	2.50E-05
705	2.49E-05
706	2.48E-05
707	2.46E-05
708	2.45E-05
709	2.44E-05
710	2.43E-05
711	2.42E-05
712	2.41E-05
713	2.40E-05
714	2.39E-05
715	2.38E-05
716	2.37E-05
717	2.35E-05
718	2.34E-05
719	2.33E-05
720	2.32E-05
721	2.31E-05
722	2.30E-05
723	2.29E-05
724	2.28E-05
725	2.27E-05
726	2.26E-05
727	2.25E-05
728	2.24E-05
729	2.23E-05
730	2.22E-05
731	2.21E-05
732	2.20E-05
733	2.19E-05
734	2.18E-05
735	2.17E-05
736	2.16E-05
737	2.15E-05
738	2.14E-05
739	2.13E-05
740	2.12E-05
741	2.11E-05
742	2.10E-05
743	2.10E-05
744	2.09E-05
745	2.08E-05
746	2.07E-05
747	2.06E-05
748	2.05E-05
749	2.04E-05
750	2.03E-05
751	2.02E-05
752	2.01E-05
753	2.00E-05
754	2.00E-05
755	1.99E-05
756	1.98E-05
757	1.97E-05
758	1.96E-05
759	1.95E-05
760	1.94E-05
761	1.94E-05
762	1.93E-05
763	1.92E-05
764	1.91E-05
765	1.90E-05
766	1.89E-05
767	1.89E-05
768	1.88E-05
769	1.87E-05
770	1.86E-05
771	1.85E-05
772	1.84E-05
773	1.84E-05
774	1.83E-05
775	1.82E-05
776	1.81E-05
777	1.80E-05
778	1.80E-05
779	1.79E-05
780	1.78E-05
781	1.77E-05
782	1.77E-05
783	1.76E-05
784	1.75E-05
785	1.74E-05
786	1.74E-05
787	1.73E-05
788	1.72E-05
789	1.71E-05
790	1.71E-05
791	1.70E-05
792	1.69E-05
793	1.68E-05
794	1.68E-05
795	1.67E-05
796	1.66E-05
797	1.66E-05
798	1.65E-05
799	1.64E-05
800	1.64E-05
801	1.63E-05
802	1.62E-05
803	1.61E-05
804	1.61E-05
805	1.60E-05
806	1.59E-05
807	1.59E-05
808	1.58E-05
809	1.57E-05
810	1.57E-05
811	1.56E-05
812	1.55E-05
813	1.55E-05
814	1.54E-05
815	1.53E-05
816	1.53E-05
817	1.52E-05
818	1.52E-05
819	1.51E-05
820	1.50E-05
821	1.50E-05
822	1.49E-05
823	1.48E-05
824	1.48E-05
825	1.47E-05
826	1.47E-05
827	1.46E-05
828	1.45E-05
829	1.45E-05
830	1.44E-05
831	1.44E-05
832	1.43E-05
833	1.42E-05
834	1.42E-05
835	1.41E-05
836	1.41E-05
837	1.40E-05
838	1.39E-05
839	1.39E-05
840	1.38E-05
841	1.38E-05
842	1.37E-05
843	1.37E-05
844	1.36E-05
845	1.35E-05
846	1.35E-05
847	1.34E-05
848	1.34E-05
849	1.33E-05
850	1.33E-05
851	1.32E-05
852	1.32E-05
853	1.31E-05
854	1.31E-05
855	1.30E-05
856	1.30E-05
857	1.29E-05
858	1.28E-05
859	1.28E-05
860	1.27E-05
861	1.27E-05
862	1.26E-05
863	1.26E-05
864	1.25E-05
865	1.25E-05
866	1.24E-05
867	1.24E-05
868	1.23E-05
869	1.23E-05
870	1.22E-05
871	1.22E-05
872	1.21E-05
873	1.21E-05
874	1.20E-05
875	1.20E-05
876	1.19E-05
877	1.19E-05
878	1.18E-05
879	1.18E-05
880	1.18E-05
881	1.17E-05
882	1.17E-05
883	1.16E-05
884	1.16E-05
885	1.15E-05
886	1.15E-05
887	1.14E-05
888	1.14E-05
889	1.13E-05
890	1.13E-05
891	1.12E-05
892	1.12E-05
893	1.12E-05
894	1.11E-05
895	1.11E-05
896	1.10E-05
897	1.10E-05
898	1.09E-05
899	1.09E-05
900	1.09E-05
901	1.08E-05
902	1.08E-05
903	1.07E-05
904	1.07E-05
905	1.06E-05
906	1.06E-05
907	1.06E-05
908	1.05E-05
909	1.05E-05
910	1.04E-05
911	1.04E-05
912	1.03E-05
913	1.03E-05
914	1.03E-05
915	1.02E-05
916	1.02E-05
917	1.01E-05
918	1.01E-05
919	1.01E-05
920	1.00E-05
921	9.99E-06
922	9.95E-06
923	9.91E-06
924	9.88E-06
925	9.84E-06
926	9.80E-06
927	9.76E-06
928	9.72E-06
929	9.69E-06
930	9.65E-06
931	9.61E-06
932	9.57E-06
933	9.54E-06
934	9.50E-06
935	9.46E-06
936	9.43E-06
937	9.39E-06
938	9.35E-06
939	9.32E-06
940	9.28E-06
941	9.25E-06
942	9.21E-06
943	9.18E-06
944	9.14E-06
945	9.10E-06
946	9.07E-06
947	9.04E-06
948	9.00E-06
949	8.97E-06
950	8.93E-06
951	8.90E-06
952	8.86E-06
953	8.83E-06
954	8.80E-06
955	8.76E-06
956	8.73E-06
957	8.70E-06
958	8.66E-06
959	8.63E-06
960	8.60E-06
961	8.56E-06
962	8.53E-06
963	8.50E-06
964	8.47E-06
965	8.44E-06
966	8.40E-06
967	8.37E-06
968	8.34E-06
969	8.31E-06
970	8.28E-06
971	8.25E-06
972	8.22E-06
973	8.18E-06
974	8.15E-06
975	8.12E-06
976	8.09E-06
977	8.06E-06
978	8.03E-06
979	8.00E-06
980	7.97E-06
981	7.94E-06
982	7.91E-06
983	7.88E-06
984	7.85E-06
985	7.82E-06
986	7.79E-06
987	7.77E-06
988	7.74E-06
989	7.71E-06
990	7.68E-06
991	7.65E-06
992	7.62E-06
993	7.59E-06
994	7.57E-06
995	7.54E-06
996	7.51E-06
997	7.48E-06
998	7.45E-06
999	7.43E-06
1000	7.40E-06
1001	7.37E-06
1002	7.34E-06
1003	7.32E-06
1004	7.29E-06
1005	7.26E-06
1006	7.24E-06
1007	7.21E-06
1008	7.18E-06
1009	7.16E-06
1010	7.13E-06
1011	7.10E-06
1012	7.08E-06
1013	7.05E-06
1014	7.03E-06
1015	7.00E-06
1016	6.97E-06
1017	6.95E-06
1018	6.92E-06
1019	6.90E-06
1020	6.87E-06
1021	6.85E-06
1022	6.82E-06
1023	6.80E-06
1024	6.77E-06
1025	6.75E-06
1026	6.72E-06
1027	6.70E-06
1028	6.67E-06
1029	6.65E-06
1030	6.63E-06
1031	6.60E-06
1032	6.58E-06
1033	6.55E-06
1034	6.53E-06
1035	6.51E-06
1036	6.48E-06
1037	6.46E-06
1038	6.44E-06
1039	6.41E-06
1040	6.39E-06
1041	6.37E-06
1042	6.34E-06
1043	6.32E-06
1044	6.30E-06
1045	6.28E-06
1046	6.25E-06
1047	6.23E-06
1048	6.21E-06
1049	6.19E-06
1050	6.16E-06
1051	6.14E-06
1052	6.12E-06
1053	6.10E-06
1054	6.08E-06
1055	6.05E-06
1056	6.03E-06
1057	6.01E-06
1058	5.99E-06
1059	5.97E-06
1060	5.95E-06
1061	5.93E-06
1062	5.90E-06
1063	5.88E-06
1064	5.86E-06
1065	5.84E-06
1066	5.82E-06
1067	5.80E-06
1068	5.78E-06
1069	5.76E-06
1070	5.74E-06
1071	5.72E-06
1072	5.70E-06
1073	5.68E-06
1074	5.66E-06
1075	5.64E-06
1076	5.62E-06
1077	5.60E-06
1078	5.58E-06
1079	5.56E-06
1080	5.54E-06
1081	5.52E-06
1082	5.50E-06
1083	5.48E-06
1084	5.46E-06
1085	5.44E-06
1086	5.42E-06
1087	5.40E-06
1088	5.39E-06
1089	5.37E-06
1090	5.35E-06
1091	5.33E-06
1092	5.31E-06
1093	5.29E-06
1094	5.27E-06
1095	5.25E-06
1096	5.24E-06
1097	5.22E-06
1098	5.20E-06
1099	5.18E-06
1100	5.16E-06
1101	5.15E-06
1102	5.13E-06
1103	5.11E-06
1104	5.09E-06
1105	5.07E-06
1106	5.06E-06
1107	5.04E-06
1108	5.02E-06
1109	5.00E-06
1110	4.99E-06
1111	4.97E-06
1112	4.95E-06
1113	4.94E-06
1114	4.92E-06
1115	4.90E-06
1116	4.88E-06
1117	4.87E-06
1118	4.85E-06
1119	4.83E-06
1120	4.82E-06
1121	4.80E-06
1122	4.78E-06
1123	4.77E-06
1124	4.75E-06
1125	4.74E-06
1126	4.72E-06
1127	4.70E-06
1128	4.69E-06
1129	4.67E-06
1130	4.65E-06
1131	4.64E-06
1132	4.62E-06
1133	4.61E-06
1134	4.59E-06
1135	4.58E-06
1136	4.56E-06
1137	4.54E-06
1138	4.53E-06
1139	4.51E-06
1140	4.50E-06
1141	4.48E-06
1142	4.47E-06
1143	4.45E-06
1144	4.44E-06
1145	4.42E-06
1146	4.41E-06
1147	4.39E-06
1148	4.38E-06
1149	4.36E-06
1150	4.35E-06
1151	4.33E-06
1152	4.32E-06
1153	4.30E-06
1154	4.29E-06
1155	4.28E-06
1156	4.26E-06
1157	4.25E-06
1158	4.23E-06
1159	4.22E-06
1160	4.20E-06
1161	4.19E-06
1162	4.18E-06
1163	4.16E-06
1164	4.15E-06
1165	4.13E-06
1166	4.12E-06
1167	4.11E-06
1168	4.09E-06
1169	4.08E-06
1170	4.06E-06
1171	4.05E-06
1172	4.04E-06
1173	4.02E-06
1174	4.01E-06
1175	4.00E-06
1176	3.98E-06
1177	3.97E-06
1178	3.96E-06
1179	3.94E-06
1180	3.93E-06
1181	3.92E-06
1182	3.90E-06
1183	3.89E-06
1184	3.88E-06
1185	3.87E-06
1186	3.85E-06
1187	3.84E-06
1188	3.83E-06
1189	3.81E-06
1190	3.80E-06
1191	3.79E-06
1192	3.78E-06
1193	3.76E-06
1194	3.75E-06
1195	3.74E-06
1196	3.73E-06
1197	3.72E-06
1198	3.70E-06
1199	3.69E-06
1200	3.68E-06
1201	3.67E-06
1202	3.65E-06
1203	3.64E-06
1204	3.63E-06
1205	3.62E-06
1206	3.61E-06
1207	3.59E-06
1208	3.58E-06
1209	3.57E-06
1210	3.56E-06
1211	3.55E-06
1212	3.54E-06
1213	3.52E-06
1214	3.51E-06
1215	3.50E-06
1216	3.49E-06
1217	3.48E-06
1218	3.47E-06
1219	3.46E-06
1220	3.45E-06
1221	3.43E-06
1222	3.42E-06
1223	3.41E-06
1224	3.40E-06
1225	3.39E-06
1226	3.38E-06
1227	3.37E-06
1228	3.36E-06
1229	3.35E-06
1230	3.33E-06
1231	3.32E-06
1232	3.31E-06
1233	3.30E-06
1234	3.29E-06
1235	3.28E-06
1236	3.27E-06
1237	3.26E-06
1238	3.25E-06
1239	3.24E-06
1240	3.23E-06
1241	3.22E-06
1242	3.21E-06
1243	3.20E-06
1244	3.19E-06
1245	3.18E-06
1246	3.17E-06
1247	3.16E-06
1248	3.15E-06
1249	3.14E-06
1250	3.13E-06
1251	3.12E-06
1252	3.11E-06
1253	3.10E-06
1254	3.09E-06
1255	3.08E-06
1256	3.07E-06
1257	3.06E-06
1258	3.05E-06
1259	3.04E-06
1260	3.03E-06
1261	3.02E-06
1262	3.01E-06
1263	3.00E-06
1264	2.99E-06
1265	2.98E-06
1266	2.97E-06
1267	2.96E-06
1268	2.95E-06
1269	2.94E-06
1270	2.93E-06
1271	2.92E-06
1272	2.91E-06
1273	2.91E-06
1274	2.90E-06
1275	2.89E-06
1276	2.88E-06
1277	2.87E-06
1278	2.86E-06
1279	2.85E-06
1280	2.84E-06
1281	2.83E-06
1282	2.82E-06
1283	2.81E-06
1284	2.81E-06
1285	2.80E-06
1286	2.79E-06
1287	2.78E-06
1288	2.77E-06
1289	2.76E-06
1290	2.75E-06
1291	2.74E-06
1292	2.74E-06
1293	2.73E-06
1294	2.72E-06
1295	2.71E-06
1296	2.70E-06
1297	2.69E-06
1298	2.68E-06
1299	2.68E-06
1300	2.67E-06
1301	2.66E-06
1302	2.65E-06
1303	2.64E-06
1304	2.64E-06
1305	2.63E-06
1306	2.62E-06
1307	2.61E-06
1308	2.60E-06
1309	2.59E-06
1310	2.59E-06
1311	2.58E-06
1312	2.57E-06
1313	2.56E-06
1314	2.55E-06
1315	2.55E-06
1316	2.54E-06
1317	2.53E-06
1318	2.52E-06
1319	2.51E-06
1320	2.51E-06
1321	2.50E-06
1322	2.49E-06
1323	2.48E-06
1324	2.48E-06
1325	2.47E-06
1326	2.46E-06
1327	2.45E-06
1328	2.45E-06
1329	2.44E-06
1330	2.43E-06
1331	2.42E-06
1332	2.42E-06
1333	2.41E-06
1334	2.40E-06
1335	2.39E-06
1336	2.39E-06
1337	2.38E-06
1338	2.37E-06
1339	2.36E-06
1340	2.36E-06
1341	2.35E-06
1342	2.34E-06
1343	2.34E-06
1344	2.33E-06
1345	2.32E-06
1346	2.31E-06
1347	2.31E-06
1348	2.30E-06
1349	2.29E-06
1350	2.29E-06
1351	2.28E-06
1352	2.27E-06
1353	2.27E-06
1354	2.26E-06
1355	2.25E-06
1356	2.24E-06
1357	2.24E-06
1358	2.23E-06
1359	2.22E-06
1360	2.22E-06
1361	2.21E-06
1362	2.20E-06
1363	2.20E-06
1364	2.19E-06
1365	2.18E-06
1366	2.18E-06
1367	2.17E-06
1368	2.16E-06
1369	2.16E-06
1370	2.15E-06
1371	2.15E-06
1372	2.14E-06
1373	2.13E-06
1374	2.13E-06
1375	2.12E-06
1376	2.11E-06
1377	2.11E-06
1378	2.10E-06
1379	2.09E-06
1380	2.09E-06
1381	2.08E-06
1382	2.08E-06
1383	2.07E-06
1384	2.06E-06
1385	2.06E-06
1386	2.05E-06
1387	2.04E-06
1388	2.04E-06
1389	2.03E-06
1390	2.03E-06
1391	2.02E-06
1392	2.01E-06
1393	2.01E-06
1394	2.00E-06
1395	2.00E-06
1396	1.99E-06
1397	1.98E-06
1398	1.98E-06
1399	1.97E-06
1400	1.97E-06
1401	1.96E-06
1402	1.95E-06
1403	1.95E-06
1404	1.94E-06
1405	1.94E-06
1406	1.93E-06
1407	1.93E-06
1408	1.92E-06
1409	1.91E-06
1410	1.91E-06
1411	1.90E-06
1412	1.90E-06
1413	1.89E-06
1414	1.89E-06
1415	1.88E-06
1416	1.88E-06
1417	1.87E-06
1418	1.86E-06
1419	1.86E-06
1420	1.85E-06
1421	1.85E-06
1422	1.84E-06
1423	1.84E-06
1424	1.83E-06
1425	1.83E-06
1426	1.82E-06
1427	1.82E-06
1428	1.81E-06
1429	1.80E-06
1430	1.80E-06
1431	1.79E-06
1432	1.79E-06
1433	1.78E-06
1434	1.78E-06
1435	1.77E-06
1436	1.77E-06
1437	1.76E-06
1438	1.76E-06
1439	1.75E-06
1440	1.75E-06
1441	1.74E-06
1442	1.74E-06
1443	1.73E-06
1444	1.73E-06
1445	1.72E-06
1446	1.72E-06
1447	1.71E-06
1448	1.71E-06
1449	1.70E-06
1450	1.70E-06
1451	1.69E-06
1452	1.69E-06
1453	1.68E-06
1454	1.68E-06
1455	1.67E-06
1456	1.67E-06
1457	1.66E-06
1458	1.66E-06
1459	1.65E-06
1460	1.65E-06
1461	1.64E-06
1462	1.64E-06
1463	1.63E-06
1464	1.63E-06
1465	1.63E-06
1466	1.62E-06
1467	1.62E-06
1468	1.61E-06
1469	1.61E-06
1470	1.60E-06
1471	1.60E-06
1472	1.59E-06
1473	1.59E-06
1474	1.58E-06
1475	1.58E-06
1476	1.57E-06
1477	1.57E-06
1478	1.57E-06
1479	1.56E-06
1480	1.56E-06
1481	1.55E-06
1482	1.55E-06
1483	1.54E-06
1484	1.54E-06
1485	1.53E-06
1486	1.53E-06
1487	1.53E-06
1488	1.52E-06
1489	1.52E-06
1490	1.51E-06
1491	1.51E-06
1492	1.50E-06
1493	1.50E-06
1494	1.50E-06
1495	1.49E-06
1496	1.49E-06
1497	1.48E-06
1498	1.48E-06
1499	1.47E-06
1500	1.47E-06
1501	1.47E-06
1502	1.46E-06
1503	1.46E-06
1504	1.45E-06
1505	1.45E-06
1506	1.45E-06
1507	1.44E-06
1508	1.44E-06
1509	1.43E-06
1510	1.43E-06
1511	1.43E-06
1512	1.42E-06
1513	1.42E-06
1514	1.41E-06
1515	1.41E-06
1516	1.41E-06
1517	1.40E-06
1518	1.40E-06
1519	1.39E-06
1520	1.39E-06
1521	1.39E-06
1522	1.38E-06
1523	1.38E-06
1524	1.37E-06
1525	1.37E-06
1526	1.37E-06
1527	1.36E-06
1528	1.36E-06
1529	1.35E-06
1530	1.35E-06
1531	1.35E-06
1532	1.34E-06
1533	1.34E-06
1534	1.34E-06
1535	1.33E-06
1536	1.33E-06
1537	1.32E-06
1538	1.32E-06
1539	1.32E-06
1540	1.31E-06
1541	1.31E-06
1542	1.31E-06
1543	1.30E-06
1544	1.30E-06
1545	1.30E-06
1546	1.29E-06
1547	1.29E-06
1548	1.28E-06
1549	1.28E-06
1550	1.28E-06
1551	1.27E-06
1552	1.27E-06
1553	1.27E-06
1554	1.26E-06
1555	1.26E-06
1556	1.26E-06
1557	1.25E-06
1558	1.25E-06
1559	1.25E-06
1560	1.24E-06
1561	1.24E-06
1562	1.24E-06
1563	1.23E-06
1564	1.23E-06
1565	1.23E-06
1566	1.22E-06
1567	1.22E-06
1568	1.22E-06
1569	1.21E-06
1570	1.21E-06
1571	1.21E-06
1572	1.20E-06
1573	1.20E-06
1574	1.20E-06
1575	1.19E-06
1576	1.19E-06
1577	1.19E-06
1578	1.18E-06
1579	1.18E-06
1580	1.18E-06
1581	1.17E-06
1582	1.17E-06
1583	1.17E-06
1584	1.16E-06
1585	1.16E-06
1586	1.16E-06
1587	1.15E-06
1588	1.15E-06
1589	1.15E-06
1590	1.14E-06
1591	1.14E-06
1592	1.14E-06
1593	1.13E-06
1594	1.13E-06
1595	1.13E-06
1596	1.13E-06
1597	1.12E-06
1598	1.12E-06
1599	1.12E-06
1600	1.11E-06
1601	1.11E-06
1602	1.11E-06
1603	1.10E-06
1604	1.10E-06
1605	1.10E-06
1606	1.10E-06
1607	1.09E-06
1608	1.09E-06
1609	1.09E-06
1610	1.08E-06
1611	1.08E-06
1612	1.08E-06
1613	1.07E-06
1614	1.07E-06
1615	1.07E-06
1616	1.07E-06
1617	1.06E-06
1618	1.06E-06
1619	1.06E-06
1620	1.05E-06
1621	1.05E-06
1622	1.05E-06
1623	1.05E-06
1624	1.04E-06
1625	1.04E-06
1626	1.04E-06
1627	1.04E-06
1628	1.03E-06
1629	1.03E-06
1630	1.03E-06
1631	1.02E-06
1632	1.02E-06
1633	1.02E-06
1634	1.02E-06
1635	1.01E-06
1636	1.01E-06
1637	1.01E-06
1638	1.00E-06
1639	1.00E-06
1640	1.00E-06
1641	9.97E-07
1642	9.94E-07
1643	9.92E-07
1644	9.89E-07
1645	9.86E-07
1646	9.84E-07
1647	9.81E-07
1648	9.78E-07
1649	9.76E-07
1650	9.73E-07
1651	9.71E-07
1652	9.68E-07
1653	9.66E-07
1654	9.63E-07
1655	9.60E-07
1656	9.58E-07
1657	9.55E-07
1658	9.53E-07
1659	9.50E-07
1660	9.48E-07
1661	9.45E-07
1662	9.43E-07
1663	9.40E-07
1664	9.38E-07
1665	9.35E-07
1666	9.33E-07
1667	9.30E-07
1668	9.28E-07
1669	9.25E-07
1670	9.23E-07
1671	9.21E-07
1672	9.18E-07
1673	9.16E-07
1674	9.13E-07
1675	9.11E-07
1676	9.08E-07
1677	9.06E-07
1678	9.04E-07
1679	9.01E-07
1680	8.99E-07
1681	8.97E-07
1682	8.94E-07
1683	8.92E-07
1684	8.90E-07
1685	8.87E-07
1686	8.85E-07
1687	8.83E-07
1688	8.80E-07
1689	8.78E-07
1690	8.76E-07
1691	8.73E-07
1692	8.71E-07
1693	8.69E-07
1694	8.67E-07
1695	8.64E-07
1696	8.62E-07
1697	8.60E-07
1698	8.58E-07
1699	8.55E-07
1700	8.53E-07
1701	8.51E-07
1702	8.49E-07
1703	8.46E-07
1704	8.44E-07
1705	8.42E-07
1706	8.40E-07
1707	8.38E-07
1708	8.36E-07
1709	8.33E-07
1710	8.31E-07
1711	8.29E-07
1712	8.27E-07
1713	8.25E-07
1714	8.23E-07
1715	8.20E-07
1716	8.18E-07
1717	8.16E-07
1718	8.14E-07
1719	8.12E-07
1720	8.10E-07
1721	8.08E-07
1722	8.06E-07
1723	8.04E-07
1724	8.02E-07
1725	8.00E-07
1726	7.97E-07
1727	7.95E-07
1728	7.93E-07
1729	7.91E-07
1730	7.89E-07
1731	7.87E-07
1732	7.85E-07
1733	7.83E-07
1734	7.81E-07
1735	7.79E-07
1736	7.77E-07
1737	7.75E-07
1738	7.73E-07
1739	7.71E-07
1740	7.69E-07
1741	7.67E-07
1742	7.65E-07
1743	7.63E-07
1744	7.61E-07
1745	7.59E-07
1746	7.57E-07
1747	7.56E-07
1748	7.54E-07
1749	7.52E-07
1750	7.50E-07
1751	7.48E-07
1752	7.46E-07
1753	7.44E-07
1754	7.42E-07
1755	7.40E-07
1756	7.38E-07
1757	7.36E-07
1758	7.35E-07
1759	7.33E-07
1760	7.31E-07
1761	7.29E-07
1762	7.27E-07
1763	7.25E-07
1764	7.23E-07
1765	7.22E-07
1766	7.20E-07
1767	7.18E-07
1768	7.16E-07
1769	7.14E-07
1770	7.13E-07
1771	7.11E-07
1772	7.09E-07
1773	7.07E-07
1774	7.05E-07
1775	7.04E-07
1776	7.02E-07
1777	7.00E-07
1778	6.98E-07
1779	6.96E-07
1780	6.95E-07
1781	6.93E-07
1782	6.91E-07
1783	6.89E-07
1784	6.88E-07
1785	6.86E-07
1786	6.84E-07
1787	6.83E-07
1788	6.81E-07
1789	6.79E-07
1790	6.77E-07
1791	6.76E-07
1792	6.74E-07
1793	6.72E-07
1794	6.71E-07
1795	6.69E-07
1796	6.67E-07
1797	6.66E-07
1798	6.64E-07
1799	6.62E-07
1800	6.61E-07
1801	6.59E-07
1802	6.57E-07
1803	6.56E-07
1804	6.54E-07
1805	6.52E-07
1806	6.51E-07
1807	6.49E-07
1808	6.48E-07
1809	6.46E-07
1810	6.44E-07
1811	6.43E-07
1812	6.41E-07
1813	6.39E-07
1814	6.38E-07
1815	6.36E-07
1816	6.35E-07
1817	6.33E-07
1818	6.32E-07
1819	6.30E-07
1820	6.28E-07
1821	6.27E-07
1822	6.25E-07
1823	6.24E-07
1824	6.22E-07
1825	6.21E-07
1826	6.19E-07
1827	6.18E-07
1828	6.16E-07
1829	6.15E-07
1830	6.13E-07
1831	6.11E-07
1832	6.10E-07
1833	6.08E-07
1834	6.07E-07
1835	6.05E-07
1836	6.04E-07
1837	6.02E-07
1838	6.01E-07
1839	6.00E-07
1840	5.98E-07
1841	5.97E-07
1842	5.95E-07
1843	5.94E-07
1844	5.92E-07
1845	5.91E-07
1846	5.89E-07
1847	5.88E-07
1848	5.86E-07
1849	5.85E-07
1850	5.83E-07
1851	5.82E-07
1852	5.81E-07
1853	5.79E-07
1854	5.78E-07
1855	5.76E-07
1856	5.75E-07
1857	5.74E-07
1858	5.72E-07
1859	5.71E-07
1860	5.69E-07
1861	5.68E-07
1862	5.67E-07
1863	5.65E-07
1864	5.64E-07
1865	5.62E-07
1866	5.61E-07
1867	5.60E-07
1868	5.58E-07
1869	5.57E-07
1870	5.56E-07
1871	5.54E-07
1872	5.53E-07
1873	5.52E-07
1874	5.50E-07
1875	5.49E-07
1876	5.48E-07
1877	5.46E-07
1878	5.45E-07
1879	5.44E-07
1880	5.42E-07
1881	5.41E-07
1882	5.40E-07
1883	5.38E-07
1884	5.37E-07
1885	5.36E-07
1886	5.34E-07
1887	5.33E-07
1888	5.32E-07
1889	5.30E-07
1890	5.29E-07
1891	5.28E-07
1892	5.27E-07
1893	5.25E-07
1894	5.24E-07
1895	5.23E-07
1896	5.22E-07
1897	5.20E-07
1898	5.19E-07
1899	5.18E-07
1900	5.17E-07
1901	5.15E-07
1902	5.14E-07
1903	5.13E-07
1904	5.12E-07
1905	5.10E-07
1906	5.09E-07
1907	5.08E-07
1908	5.07E-07
1909	5.05E-07
1910	5.04E-07
1911	5.03E-07
1912	5.02E-07
1913	5.01E-07
1914	4.99E-07
1915	4.98E-07
1916	4.97E-07
1917	4.96E-07
1918	4.95E-07
1919	4.93E-07
1920	4.92E-07
1921	4.91E-07
1922	4.90E-07
1923	4.89E-07
1924	4.88E-07
1925	4.86E-07
1926	4.85E-07
1927	4.84E-07
1928	4.83E-07
1929	4.82E-07
1930	4.81E-07
1931	4.80E-07
1932	4.78E-07
1933	4.77E-07
1934	4.76E-07
1935	4.75E-07
1936	4.74E-07
1937	4.73E-07
1938	4.72E-07
1939	4.70E-07
1940	4.69E-07
1941	4.68E-07
1942	4.67E-07
1943	4.66E-07
1944	4.65E-07
1945	4.64E-07
1946	4.63E-07
1947	4.62E-07
1948	4.61E-07
1949	4.59E-07
1950	4.58E-07
1951	4.57E-07
1952	4.56E-07
1953	4.55E-07
1954	4.54E-07
1955	4.53E-07
1956	4.52E-07
1957	4.51E-07
1958	4.50E-07
1959	4.49E-07
1960	4.48E-07
1961	4.47E-07
1962	4.45E-07
1963	4.44E-07
1964	4.43E-07
1965	4.42E-07
1966	4.41E-07
1967	4.40E-07
1968	4.39E-07
1969	4.38E-07
1970	4.37E-07
1971	4.36E-07
1972	4.35E-07
1973	4.34E-07
1974	4.33E-07
1975	4.32E-07
1976	4.31E-07
1977	4.30E-07
1978	4.29E-07
1979	4.28E-07
1980	4.27E-07
1981	4.26E-07
1982	4.25E-07
1983	4.24E-07
1984	4.23E-07
1985	4.22E-07
1986	4.21E-07
1987	4.20E-07
1988	4.19E-07
1989	4.18E-07
1990	4.17E-07
1991	4.16E-07
1992	4.15E-07
1993	4.14E-07
1994	4.13E-07
1995	4.12E-07
1996	4.11E-07
1997	4.10E-07
1998	4.09E-07
1999	4.08E-07
2000	4.08E-07
2001	4.07E-07
2002	4.06E-07
2003	4.05E-07
2004	4.04E-07
2005	4.03E-07
2006	4.02E-07
2007	4.01E-07
2008	4.00E-07
2009	3.99E-07
2010	3.98E-07
2011	3.97E-07
2012	3.96E-07
2013	3.95E-07
2014	3.94E-07
2015	3.94E-07
2016	3.93E-07
2017	3.92E-07
2018	3.91E-07
2019	3.90E-07
2020	3.89E-07
2021	3.88E-07
2022	3.87E-07
2023	3.86E-07
2024	3.85E-07
2025	3.85E-07
2026	3.84E-07
2027	3.83E-07
2028	3.82E-07
2029	3.81E-07
2030	3.80E-07
2031	3.79E-07
2032	3.78E-07
2033	3.78E-07
2034	3.77E-07
2035	3.76E-07
2036	3.75E-07
2037	3.74E-07
2038	3.73E-07
2039	3.72E-07
2040	3.72E-07
2041	3.71E-07
2042	3.70E-07
2043	3.69E-07
2044	3.68E-07
2045	3.67E-07
2046	3.66E-07
2047	3.66E-07
2048	3.65E-07
2049	3.64E-07
2050	3.63E-07
2051	3.62E-07
2052	3.61E-07
2053	3.61E-07
2054	3.60E-07
2055	3.59E-07
2056	3.58E-07
2057	3.57E-07
2058	3.57E-07
2059	3.56E-07
2060	3.55E-07
2061	3.54E-07
2062	3.53E-07
2063	3.52E-07
2064	3.52E-07
2065	3.51E-07
2066	3.50E-07
2067	3.49E-07
2068	3.48E-07
2069	3.48E-07
2070	3.47E-07
2071	3.46E-07
2072	3.45E-07
2073	3.45E-07
2074	3.44E-07
2075	3.43E-07
2076	3.42E-07
2077	3.41E-07
2078	3.41E-07
2079	3.40E-07
2080	3.39E-07
2081	3.38E-07
2082	3.38E-07
2083	3.37E-07
2084	3.36E-07
2085	3.35E-07
2086	3.35E-07
2087	3.34E-07
2088	3.33E-07
2089	3.32E-07
2090	3.32E-07
2091	3.31E-07
2092	3.30E-07
2093	3.29E-07
2094	3.29E-07
2095	3.28E-07
2096	3.27E-07
2097	3.26E-07
2098	3.26E-07
2099	3.25E-07
2100	3.24E-07
2101	3.23E-07
2102	3.23E-07
2103	3.22E-07
2104	3.21E-07
2105	3.21E-07
2106	3.20E-07
2107	3.19E-07
2108	3.18E-07
2109	3.18E-07
2110	3.17E-07
2111	3.16E-07
2112	3.16E-07
2113	3.15E-07
2114	3.14E-07
2115	3.13E-07
2116	3.13E-07
2117	3.12E-07
2118	3.11E-07
2119	3.11E-07
2120	3.10E-07
2121	3.09E-07
2122	3.09E-07
2123	3.08E-07
2124	3.07E-07
2125	3.07E-07
2126	3.06E-07
2127	3.05E-07
2128	3.04E-07
2129	3.04E-07
2130	3.03E-07
2131	3.02E-07
2132	3.02E-07
2133	3.01E-07
2134	3.00E-07
2135	3.00E-07
2136	2.99E-07
2137	2.98E-07
2138	2.98E-07
2139	2.97E-07
2140	2.96E-07
2141	2.96E-07
2142	2.95E-07
2143	2.94E-07
2144	2.94E-07
2145	2.93E-07
2146	2.93E-07
2147	2.92E-07
2148	2.91E-07
2149	2.91E-07
2150	2.90E-07
2151	2.89E-07
2152	2.89E-07
2153	2.88E-07
2154	2.87E-07
2155	2.87E-07
2156	2.86E-07
2157	2.86E-07
2158	2.85E-07
2159	2.84E-07
2160	2.84E-07
2161	2.83E-07
2162	2.82E-07
2163	2.82E-07
2164	2.81E-07
2165	2.81E-07
2166	2.80E-07
2167	2.79E-07
2168	2.79E-07
2169	2.78E-07
2170	2.77E-07
2171	2.77E-07
2172	2.76E-07
2173	2.76E-07
2174	2.75E-07
2175	2.74E-07
2176	2.74E-07
2177	2.73E-07
2178	2.73E-07
2179	2.72E-07
2180	2.71E-07
2181	2.71E-07
2182	2.70E-07
2183	2.70E-07
2184	2.69E-07
2185	2.68E-07
2186	2.68E-07
2187	2.67E-07
2188	2.67E-07
2189	2.66E-07
2190	2.66E-07
2191	2.65E-07
2192	2.64E-07
2193	2.64E-07
2194	2.63E-07
2195	2.63E-07
2196	2.62E-07
2197	2.62E-07
2198	2.61E-07
2199	2.60E-07
2200	2.60E-07
2201	2.59E-07
2202	2.59E-07
2203	2.58E-07
2204	2.58E-07
2205	2.57E-07
2206	2.56E-07
2207	2.56E-07
2208	2.55E-07
2209	2.55E-07
2210	2.54E-07
2211	2.54E-07
2212	2.53E-07
2213	2.53E-07
2214	2.52E-07
2215	2.52E-07
2216	2.51E-07
2217	2.50E-07
2218	2.50E-07
2219	2.49E-07
2220	2.49E-07
2221	2.48E-07
2222	2.48E-07
2223	2.47E-07
2224	2.47E-07
2225	2.46E-07
2226	2.46E-07
2227	2.45E-07
2228	2.45E-07
2229	2.44E-07
2230	2.43E-07
2231	2.43E-07
2232	2.42E-07
2233	2.42E-07
2234	2.41E-07
2235	2.41E-07
2236	2.40E-07
2237	2.40E-07
2238	2.39E-07
2239	2.39E-07
2240	2.38E-07
2241	2.38E-07
2242	2.37E-07
2243	2.37E-07
2244	2.36E-07
2245	2.36E-07
2246	2.35E-07
2247	2.35E-07
2248	2.34E-07
2249	2.34E-07
2250	2.33E-07
2251	2.33E-07
2252	2.32E-07
2253	2.32E-07
2254	2.31E-07
2255	2.31E-07
2256	2.30E-07
2257	2.30E-07
2258	2.29E-07
2259	2.29E-07
2260	2.28E-07
2261	2.28E-07
2262	2.27E-07
2263	2.27E-07
2264	2.26E-07
2265	2.26E-07
2266	2.25E-07
2267	2.25E-07
2268	2.24E-07
2269	2.24E-07
2270	2.23E-07
2271	2.23E-07
2272	2.23E-07
2273	2.22E-07
2274	2.22E-07
2275	2.21E-07
2276	2.21E-07
2277	2.20E-07
2278	2.20E-07
2279	2.19E-07
2280	2.19E-07
2281	2.18E-07
2282	2.18E-07
2283	2.17E-07
2284	2.17E-07
2285	2.16E-07
2286	2.16E-07
2287	2.16E-07
2288	2.15E-07
2289	2.15E-07
2290	2.14E-07
2291	2.14E-07
2292	2.13E-07
2293	2.13E-07
2294	2.12E-07
2295	2.12E-07
2296	2.12E-07
2297	2.11E-07
2298	2.11E-07
2299	2.10E-07
2300	2.10E-07
2301	2.09E-07
2302	2.09E-07
2303	2.08E-07
2304	2.08E-07
2305	2.08E-07
2306	2.07E-07
2307	2.07E-07
2308	2.06E-07
2309	2.06E-07
2310	2.05E-07
2311	2.05E-07
2312	2.05E-07
2313	2.04E-07
2314	2.04E-07
2315	2.03E-07
2316	2.03E-07
2317	2.02E-07
2318	2.02E-07
2319	2.02E-07
2320	2.01E-07
2321	2.01E-07
2322	2.00E-07
2323	2.00E-07
2324	1.99E-07
2325	1.99E-07
2326	1.99E-07
2327	1.98E-07
2328	1.98E-07
2329	1.97E-07
2330	1.97E-07
2331	1.97E-07
2332	1.96E-07
2333	1.96E-07
2334	1.95E-07
2335	1.95E-07
2336	1.94E-07
2337	1.94E-07
2338	1.94E-07
2339	1.93E-07
2340	1.93E-07
2341	1.92E-07
2342	1.92E-07
2343	1.92E-07
2344	1.91E-07
2345	1.91E-07
2346	1.90E-07
2347	1.90E-07
2348	1.90E-07
2349	1.89E-07
2350	1.89E-07
2351	1.89E-07
2352	1.88E-07
2353	1.88E-07
2354	1.87E-07
2355	1.87E-07
2356	1.87E-07
2357	1.86E-07
2358	1.86E-07
2359	1.85E-07
2360	1.85E-07
2361	1.85E-07
2362	1.84E-07
2363	1.84E-07
2364	1.84E-07
2365	1.83E-07
2366	1.83E-07
2367	1.82E-07
2368	1.82E-07
2369	1.82E-07
2370	1.81E-07
2371	1.81E-07
2372	1.81E-07
2373	1.80E-07
2374	1.80E-07
2375	1.79E-07
2376	1.79E-07
2377	1.79E-07
2378	1.78E-07
2379	1.78E-07
2380	1.78E-07
2381	1.77E-07
2382	1.77E-07
2383	1.76E-07
2384	1.76E-07
2385	1.76E-07
2386	1.75E-07
2387	1.75E-07
2388	1.75E-07
2389	1.74E-07
2390	1.74E-07
2391	1.74E-07
2392	1.73E-07
2393	1.73E-07
2394	1.73E-07
2395	1.72E-07
2396	1.72E-07
2397	1.71E-07
2398	1.71E-07
2399	1.71E-07
2400	1.70E-07
2401	1.70E-07
2402	1.70E-07
2403	1.69E-07
2404	1.69E-07
2405	1.69E-07
2406	1.68E-07
2407	1.68E-07
2408	1.68E-07
2409	1.67E-07
2410	1.67E-07
2411	1.67E-07
2412	1.66E-07
2413	1.66E-07
2414	1.66E-07
2415	1.65E-07
2416	1.65E-07
2417	1.65E-07
2418	1.64E-07
2419	1.64E-07
2420	1.64E-07
2421	1.63E-07
2422	1.63E-07
2423	1.63E-07
2424	1.62E-07
2425	1.62E-07
2426	1.62E-07
2427	1.61E-07
2428	1.61E-07
2429	1.61E-07
2430	1.60E-07
2431	1.60E-07
2432	1.60E-07
2433	1.59E-07
2434	1.59E-07
2435	1.59E-07
2436	1.58E-07
2437	1.58E-07
2438	1.58E-07
2439	1.57E-07
2440	1.57E-07
2441	1.57E-07
2442	1.56E-07
2443	1.56E-07
2444	1.56E-07
2445	1.56E-07
2446	1.55E-07
2447	1.55E-07
2448	1.55E-07
2449	1.54E-07
2450	1.54E-07
2451	1.54E-07
2452	1.53E-07
2453	1.53E-07
2454	1.53E-07
2455	1.52E-07
2456	1.52E-07
2457	1.52E-07
2458	1.52E-07
2459	1.51E-07
2460	1.51E-07
2461	1.51E-07
2462	1.50E-07
2463	1.50E-07
2464	1.50E-07
2465	1.49E-07
2466	1.49E-07
2467	1.49E-07
2468	1.49E-07
2469	1.48E-07
2470	1.48E-07
2471	1.48E-07
2472	1.47E-07
2473	1.47E-07
2474	1.47E-07
2475	1.46E-07
2476	1.46E-07
2477	1.46E-07
2478	1.46E-07
2479	1.45E-07
2480	1.45E-07
2481	1.45E-07
2482	1.44E-07
2483	1.44E-07
2484	1.44E-07
2485	1.44E-07
2486	1.43E-07
2487	1.43E-07
2488	1.43E-07
2489	1.42E-07
2490	1.42E-07
2491	1.42E-07
2492	1.42E-07
2493	1.41E-07
2494	1.41E-07
2495	1.41E-07
2496	1.40E-07
2497	1.40E-07
2498	1.40E-07
2499	1.40E-07
2500	1.39E-07
2501	1.39E-07
2502	1.39E-07
2503	1.38E-07
2504	1.38E-07
2505	1.38E-07
2506	1.38E-07
2507	1.37E-07
2508	1.37E-07
2509	1.37E-07
2510	1.37E-07
2511	1.36E-07
2512	1.36E-07
2513	1.36E-07
2514	1.36E-07
2515	1.35E-07
2516	1.35E-07
2517	1.35E-07
2518	1.34E-07
2519	1.34E-07
2520	1.34E-07
2521	1.34E-07
2522	1.33E-07
2523	1.33E-07
2524	1.33E-07
2525	1.33E-07
2526	1.32E-07
2527	1.32E-07
2528	1.32E-07
2529	1.32E-07
2530	1.31E-07
2531	1.31E-07
2532	1.31E-07
2533	1.31E-07
2534	1.30E-07
2535	1.30E-07
2536	1.30E-07
2537	1.30E-07
2538	1.29E-07
2539	1.29E-07
2540	1.29E-07
2541	1.28E-07
2542	1.28E-07
2543	1.28E-07
2544	1.28E-07
2545	1.27E-07
2546	1.27E-07
2547	1.27E-07
2548	1.27E-07
2549	1.26E-07
2550	1.26E-07
2551	1.26E-07
2552	1.26E-07
2553	1.26E-07
2554	1.25E-07
2555	1.25E-07
2556	1.25E-07
2557	1.25E-07
2558	1.24E-07
2559	1.24E-07
2560	1.24E-07
2561	1.24E-07
2562	1.23E-07
2563	1.23E-07
2564	1.23E-07
2565	1.23E-07
2566	1.22E-07
2567	1.22E-07
2568	1.22E-07
2569	1.22E-07
2570	1.21E-07
2571	1.21E-07
2572	1.21E-07
2573	1.21E-07
2574	1.20E-07
2575	1.20E-07
2576	1.20E-07
2577	1.20E-07
2578	1.20E-07
2579	1.19E-07
2580	1.19E-07
2581	1.19E-07
2582	1.19E-07
2583	1.18E-07
2584	1.18E-07
2585	1.18E-07
2586	1.18E-07
2587	1.17E-07
2588	1.17E-07
2589	1.17E-07
2590	1.17E-07
2591	1.17E-07
2592	1.16E-07
2593	1.16E-07
2594	1.16E-07
2595	1.16E-07
2596	1.15E-07
2597	1.15E-07
2598	1.15E-07
2599	1.15E-07
2600	1.15E-07
2601	1.14E-07
2602	1.14E-07
2603	1.14E-07
2604	1.14E-07
2605	1.13E-07
2606	1.13E-07
2607	1.13E-07
2608	1.13E-07
2609	1.13E-07
2610	1.12E-07
2611	1.12E-07
2612	1.12E-07
2613	1.12E-07
2614	1.12E-07
2615	1.11E-07
2616	1.11E-07
2617	1.11E-07
2618	1.11E-07
2619	1.10E-07
2620	1.10E-07
2621	1.10E-07
2622	1.10E-07
2623	1.10E-07
2624	1.09E-07
2625	1.09E-07
2626	1.09E-07
2627	1.09E-07
2628	1.09E-07
2629	1.08E-07
2630	1.08E-07
2631	1.08E-07
2632	1.08E-07
2633	1.08E-07
2634	1.07E-07
2635	1.07E-07
2636	1.07E-07
2637	1.07E-07
2638	1.07E-07
2639	1.06E-07
2640	1.06E-07
2641	1.06E-07
2642	1.06E-07
2643	1.05E-07
2644	1.05E-07
2645	1.05E-07
2646	1.05E-07
2647	1.05E-07
2648	1.04E-07
2649	1.04E-07
2650	1.04E-07
2651	1.04E-07
2652	1.04E-07
2653	1.04E-07
2654	1.03E-07
2655	1.03E-07
2656	1.03E-07
2657	1.03E-07
2658	1.03E-07
2659	1.02E-07
2660	1.02E-07
2661	1.02E-07
2662	1.02E-07
2663	1.02E-07
2664	1.01E-07
2665	1.01E-07
2666	1.01E-07
2667	1.01E-07
2668	1.01E-07
2669	1.00E-07
2670	1.00E-07
2671	1.00E-07
2672	9.98E-08
2673	9.97E-08
2674	9.95E-08
2675	9.93E-08
2676	9.91E-08
2677	9.89E-08
2678	9.87E-08
2679	9.85E-08
2680	9.83E-08
2681	9.82E-08
2682	9.80E-08
2683	9.78E-08
2684	9.76E-08
2685	9.74E-08
2686	9.72E-08
2687	9.71E-08
2688	9.69E-08
2689	9.67E-08
2690	9.65E-08
2691	9.63E-08
2692	9.61E-08
2693	9.60E-08
2694	9.58E-08
2695	9.56E-08
2696	9.54E-08
2697	9.52E-08
2698	9.51E-08
2699	9.49E-08
2700	9.47E-08
2701	9.45E-08
2702	9.44E-08
2703	9.42E-08
2704	9.40E-08
2705	9.38E-08
2706	9.36E-08
2707	9.35E-08
2708	9.33E-08
2709	9.31E-08
2710	9.29E-08
2711	9.28E-08
2712	9.26E-08
2713	9.24E-08
2714	9.23E-08
2715	9.21E-08
2716	9.19E-08
2717	9.17E-08
2718	9.16E-08
2719	9.14E-08
2720	9.12E-08
2721	9.11E-08
2722	9.09E-08
2723	9.07E-08
2724	9.05E-08
2725	9.04E-08
2726	9.02E-08
2727	9.00E-08
2728	8.99E-08
2729	8.97E-08
2730	8.95E-08
2731	8.94E-08
2732	8.92E-08
2733	8.90E-08
2734	8.89E-08
2735	8.87E-08
2736	8.85E-08
2737	8.84E-08
2738	8.82E-08
2739	8.81E-08
2740	8.79E-08
2741	8.77E-08
2742	8.76E-08
2743	8.74E-08
2744	8.72E-08
2745	8.71E-08
2746	8.69E-08
2747	8.68E-08
2748	8.66E-08
2749	8.64E-08
2750	8.63E-08
2751	8.61E-08
2752	8.60E-08
2753	8.58E-08
2754	8.56E-08
2755	8.55E-08
2756	8.53E-08
2757	8.52E-08
2758	8.50E-08
2759	8.49E-08
2760	8.47E-08
2761	8.45E-08
2762	8.44E-08
2763	8.42E-08
2764	8.41E-08
2765	8.39E-08
2766	8.38E-08
2767	8.36E-08
2768	8.35E-08
2769	8.33E-08
2770	8.31E-08
2771	8.30E-08
2772	8.28E-08
2773	8.27E-08
2774	8.25E-08
2775	8.24E-08
2776	8.22E-08
2777	8.21E-08
2778	8.19E-08
2779	8.18E-08
2780	8.16E-08
2781	8.15E-08
2782	8.13E-08
2783	8.12E-08
2784	8.10E-08
2785	8.09E-08
2786	8.07E-08
2787	8.06E-08
2788	8.04E-08
2789	8.03E-08
2790	8.01E-08
2791	8.00E-08
2792	7.99E-08
2793	7.97E-08
2794	7.96E-08
2795	7.94E-08
2796	7.93E-08
2797	7.91E-08
2798	7.90E-08
2799	7.88E-08
2800	7.87E-08
2801	7.86E-08
2802	7.84E-08
2803	7.83E-08
2804	7.81E-08
2805	7.80E-08
2806	7.78E-08
2807	7.77E-08
2808	7.76E-08
2809	7.74E-08
2810	7.73E-08
2811	7.71E-08
2812	7.70E-08
2813	7.69E-08
2814	7.67E-08
2815	7.66E-08
2816	7.64E-08
2817	7.63E-08
2818	7.62E-08
2819	7.60E-08
2820	7.59E-08
2821	7.57E-08
2822	7.56E-08
2823	7.55E-08
2824	7.53E-08
2825	7.52E-08
2826	7.51E-08
2827	7.49E-08
2828	7.48E-08
2829	7.46E-08
2830	7.45E-08
2831	7.44E-08
2832	7.42E-08
2833	7.41E-08
2834	7.40E-08
2835	7.38E-08
2836	7.37E-08
2837	7.36E-08
2838	7.34E-08
2839	7.33E-08
2840	7.32E-08
2841	7.30E-08
2842	7.29E-08
2843	7.28E-08
2844	7.26E-08
2845	7.25E-08
2846	7.24E-08
2847	7.23E-08
2848	7.21E-08
2849	7.20E-08
2850	7.19E-08
2851	7.17E-08
2852	7.16E-08
2853	7.15E-08
2854	7.13E-08
2855	7.12E-08
2856	7.11E-08
2857	7.10E-08
2858	7.08E-08
2859	7.07E-08
2860	7.06E-08
2861	7.05E-08
2862	7.03E-08
2863	7.02E-08
2864	7.01E-08
2865	6.99E-08
2866	6.98E-08
2867	6.97E-08
2868	6.96E-08
2869	6.94E-08
2870	6.93E-08
2871	6.92E-08
2872	6.91E-08
2873	6.90E-08
2874	6.88E-08
2875	6.87E-08
2876	6.86E-08
2877	6.85E-08
2878	6.83E-08
2879	6.82E-08
2880	6.81E-08
2881	6.80E-08
2882	6.78E-08
2883	6.77E-08
2884	6.76E-08
2885	6.75E-08
2886	6.74E-08
2887	6.72E-08
2888	6.71E-08
2889	6.70E-08
2890	6.69E-08
2891	6.68E-08
2892	6.66E-08
2893	6.65E-08
2894	6.64E-08
2895	6.63E-08
2896	6.62E-08
2897	6.61E-08
2898	6.59E-08
2899	6.58E-08
2900	6.57E-08
2901	6.56E-08
2902	6.55E-08
2903	6.54E-08
2904	6.52E-08
2905	6.51E-08
2906	6.50E-08
2907	6.49E-08
2908	6.48E-08
2909	6.47E-08
2910	6.45E-08
2911	6.44E-08
2912	6.43E-08
2913	6.42E-08
2914	6.41E-08
2915	6.40E-08
2916	6.39E-08
2917	6.37E-08
2918	6.36E-08
2919	6.35E-08
2920	6.34E-08
2921	6.33E-08
2922	6.32E-08
2923	6.31E-08
2924	6.30E-08
2925	6.28E-08
2926	6.27E-08
2927	6.26E-08
2928	6.25E-08
2929	6.24E-08
2930	6.23E-08
2931	6.22E-08
2932	6.21E-08
2933	6.20E-08
2934	6.19E-08
2935	6.17E-08
2936	6.16E-08
2937	6.15E-08
2938	6.14E-08
2939	6.13E-08
2940	6.12E-08
2941	6.11E-08
2942	6.10E-08
2943	6.09E-08
2944	6.08E-08
2945	6.07E-08
2946	6.06E-08
2947	6.05E-08
2948	6.03E-08
2949	6.02E-08
2950	6.01E-08
2951	6.00E-08
2952	5.99E-08
2953	5.98E-08
2954	5.97E-08
2955	5.96E-08
2956	5.95E-08
2957	5.94E-08
2958	5.93E-08
2959	5.92E-08
2960	5.91E-08
2961	5.90E-08
2962	5.89E-08
2963	5.88E-08
2964	5.87E-08
2965	5.86E-08
2966	5.85E-08
2967	5.84E-08
2968	5.83E-08
2969	5.82E-08
2970	5.81E-08
2971	5.80E-08
2972	5.79E-08
2973	5.78E-08
2974	5.77E-08
2975	5.76E-08
2976	5.75E-08
2977	5.74E-08
2978	5.73E-08
2979	5.72E-08
2980	5.71E-08
2981	5.70E-08
2982	5.69E-08
2983	5.68E-08
2984	5.67E-08
2985	5.66E-08
2986	5.65E-08
2987	5.64E-08
2988	5.63E-08
2989	5.62E-08
2990	5.61E-08
2991	5.60E-08
2992	5.59E-08
2993	5.58E-08
2994	5.57E-08
2995	5.56E-08
2996	5.55E-08
2997	5.54E-08
2998	5.53E-08
2999	5.52E-08
3000	5.51E-08